
# Mean: (0.0, 0.0, 0.0)

# X:    (-0.25552400932, -0.947376628242, -0.192834138374)
# Y:    (0.0967949955749, 0.17338467187, -0.980085957655)
# Z:    (0.961945013757, -0.269100872949, 0.0473973700275)

0.39568500875, -0.231506814269, 0.0976304566501
-0.551311907666, -0.157755403029, -0.577854491181
-0.284655503356, 0.136675303134, 0.0888605977637
-0.435811878324, -0.153747691323, 0.144408108357
-0.496583809926, 0.166975779272, -0.187599561016
-0.251047715273, 0.520357232742, 0.75848807309
-0.384199907566, -0.838919944568, 0.369526339342
0.125731501509, -0.659318425117, -0.288895740808
0.0363273310769, 0.269511412938, -0.0462764977288
0.582195422854, 0.390329625886, -0.088012172478
0.310767349951, 0.0628262143691, -0.235089966967
0.205119925225, -0.847657085466, -0.331530323479
-0.0389522373763, -0.188755753821, -0.288687090344
0.39982348597, 0.160442702229, -0.304806992397
0.14646027669, -0.0859732764913, 0.589289164629
-0.284067746802, 0.159576864535, -0.214152657801
0.612812906107, 0.263577264501, 0.489164163174
0.0751416677977, 0.0494184911025, -0.000265357322853
0.256220103031, 0.0557220327007, 0.680357602097
0.461757541859, 0.162412491359, 0.0998881718308
0.346804222782, 0.404047484636, 0.756689371133
-0.530238154303, -0.493042232887, 0.448110003448
0.318997065389, -0.686121788326, 0.244707199529
0.128249512602, 0.2088947837, -0.182280887864
0.557366999886, 0.316844207194, 0.417299267187
0.162974990909, -0.0559440236306, -0.0747953333256
0.0710875095426, 0.668147223924, 0.278254434101
-0.337977748812, 0.133963322186, -0.465954812899
-0.391513082129, -0.0578163526038, -0.591991312436
-0.272120174734, 0.389012126333, -0.259789743083
0.466243352092, -0.39502799067, -0.0855841835186
0.294441098538, 0.0524151419132, 0.0533886704065
0.136269364562, 0.0138456295976, -0.426212747998
0.15190713695, -0.264300602438, -0.0156287618007
-0.134642613891, -0.062030400445, -0.711066250831
-0.273179273961, -0.0866346612572, 0.233685327704
-0.260020516953, 0.0881727379273, 0.198702800222
-0.196637761481, -0.00606084599993, 0.355752591114
-0.265884947817, 0.0939103593542, -0.244222755224
-0.704591232293, -0.145914718852, -0.00801695380781
0.191260224931, -0.327331662908, -0.23567017976
-0.102465582515, 0.0252561301173, -0.0341024433211
-0.188838074317, -0.242636756224, -0.104366938446
0.249646884125, 0.180511532213, 0.126268599416
0.818022227804, -0.0080778898345, 0.201442105127
0.144571082089, 0.17208117558, 0.236188443317
0.492998385161, -0.105154549561, -0.149376613953
-0.206418829294, 0.0756705122293, -0.183759551471
0.302689957723, 0.184902607374, 0.639387731578
0.0244100773021, -0.396037026964, 0.0721004624799
0.643188792325, 0.221193182274, -0.229725396567
0.368492476381, -0.0293622603952, -0.641314217631
-0.554458122315, 0.377195363862, 0.0915523426873
-0.258014699915, 0.575594122266, -0.414113942161
0.0979724284755, 0.172986884855, -0.589003854301
0.140768917106, -0.246626316704, 0.37589632134
0.293150823534, -0.252224901791, -0.461668199284
0.447903676496, -0.126545525055, 0.351711562497
-0.874852529167, -0.215081105572, 0.105297333125
0.0482970977683, -0.418023697016, 0.635037571749
0.0336167030913, 0.27118133176, 0.0036399114952
0.546284068871, -0.650507739549, -0.306230816097
-0.291915225033, -0.282093552831, -0.015494289806
-0.445337377518, -0.15378439316, 0.0268809657237
0.0163969623982, -0.225578584971, -0.441569605343
0.669024150939, -0.327410958272, 0.527417219701
0.825012266771, -0.445329375001, 0.447210812294
-0.0323122463783, -0.913021408327, 0.377119130479
-0.106260027371, 0.0429204882815, -0.141294848119
-0.508369403541, 0.583835480742, -0.145382398487
-0.309390818525, 0.747415717584, -0.449888896282
-0.194460000948, -0.0976505447157, 0.123387843888
-0.71991911796, 0.0700634085982, -0.414093564234
-0.201062240937, 0.106818419958, -0.169537469263
0.140720349057, -0.180578285439, -0.0833420651484
0.127367021328, 0.439334855871, -0.193340951854
-0.311430092718, 0.37574687671, -0.225232527932
0.346685654914, -0.399096016385, 0.00936708633664
-0.225142114437, -0.0644609680447, 0.075319839791
0.273371474257, 0.171257860716, -0.802325578116
0.940110078315, 0.0623420098122, -0.629000459879
-0.19892195641, -0.827878736659, -0.11950565571
-0.161610444975, 0.00714967217086, 0.241497371658
-0.232715205291, 0.475598919208, -0.329993080564
-0.534908816118, -0.060427321047, -0.198170928257
0.592665379855, -0.270416411623, -0.223698948584
-0.20837617297, 0.132365762474, 0.706845079608
0.468075062808, 0.832291736421, -0.405066229164
-0.0508363709009, -0.112464745779, 0.0696657800744
0.0552608770305, -0.315211421303, 0.0781170331925
-0.371211773895, 0.192584811282, -0.148838170022
-0.394005591607, 0.0121294903228, -0.134910369297
-0.268315877464, 0.191708571248, -0.214667525611
0.470383713601, -0.982086031628, 0.145143406393
0.465975419364, 0.236849897432, 0.151187911048
-0.164822904553, 0.040155039021, 0.833975746287
0.131148314613, -0.0557092773659, -0.328326954004
0.0962084478949, 0.272986246186, 0.0898030980772
0.643095103447, -0.115628045887, -0.303922506594
0.461300586296, 0.208939342269, -0.274366711017
0.5024621231, 0.0173640655261, 0.118881990349
-0.00469457780243, -0.39558179458, -0.298997566746
-0.284665632484, -0.566952198346, -0.147338422796
-0.0857105596922, -0.319275368726, 0.492979530925
-0.054754766455, -0.167950275896, -0.40441633627
0.0442114312233, -0.0647463703902, 0.174738323498
0.0949483683499, -0.271534062506, 0.0526875353933
-0.682015846991, 0.0849047099129, -1.10967460261
0.408005037856, 0.212661261048, -0.110701981877
0.0137155705032, -0.0170631831594, -0.296471748163
-0.294536848283, -0.0495877727135, -0.297741303147
1.1132583449, 0.204623585872, -0.401572637952
-0.271888574445, -0.470112263412, -0.303615578804
-0.417757363356, 0.150697981554, -0.391678433693
0.10150188522, -0.159453200151, 0.0111355663455
0.430785828935, -0.645436450889, 0.350184890153
-0.368411180425, -0.385694560884, -0.0509136886734
-0.253170571523, 0.140185653527, -0.344257174204
0.0491792998813, -0.10937708381, 0.316494067502
-0.346085157201, -0.513057884496, 0.0236159652222
-0.413658771226, 0.0373002921052, -0.509040740215
-0.314472517554, 0.460404729836, 0.0851624669318
0.167975847268, -0.205952493244, 0.24627108665
-0.40220663825, -0.327979229753, 0.339470537047
-0.325586554683, -0.0581852038206, 0.63118044214
0.714520080754, -0.00653371017846, -0.514545691301
0.0480803046379, 0.15501510885, -0.666586097699
-0.202424482397, -0.143229912249, 0.44892073078
-0.202057908519, -0.00769487094958, -0.267908759885
-0.202249991106, 0.541938558736, 0.197197378489
-0.053415368947, 0.0909207564952, -0.0520127440985
0.217364452337, 0.0448351077623, -0.0995024586323
-0.104691390036, -0.135374558534, 0.177697483191
-0.147399819723, 0.629249245253, -0.148507293568
0.659040725408, -0.0620605374044, -0.188881679571
-0.179332239622, -0.135438320447, -0.129972199279
-0.623059857367, 0.374306733013, -0.44219572734
-0.0469975461282, 0.0272268744563, -0.413367393491
0.128989284456, 0.208410752608, -0.269560145395
-0.137011800526, -0.288893853952, -0.332455197465
-0.109505321543, -0.110528727985, 0.233309555559
-0.579248734958, 0.428770145636, -0.00401621216369
0.380559135917, -0.0132899852102, -0.177603832565
-0.190962936058, 0.0175013015299, -0.31181590032
0.608767929395, 0.750893598531, -0.385874837022
0.443576630808, 0.163934433522, -0.675147718589
-0.266847378754, 0.177420453902, -0.182601445941
0.219881740095, -0.357558124155, -0.0664967195202
0.0465577370956, 0.247148639398, -0.362712379603
-0.56637992412, -0.191116578765, -0.0112601369663
0.182395687218, 0.382504340006, 0.546134597501
0.471958013213, -0.299928448209, -0.0765039044458
-0.101339476, 0.0319315225023, 0.615287866063
0.636385998737, -0.18285846558, 0.227727288329
0.0764010819608, -0.659004931178, 0.274093321549
-0.516267909422, 0.160996576886, 0.277608811004
-0.0395017441225, 0.514269936625, 0.665245264417
0.527448481463, 0.145645988494, 0.151343388323
0.0170717632544, 0.0949799103749, -0.16734058119
-0.228606018303, 0.226719473751, 0.424463769584
0.170913033246, -0.22829327395, 0.283538779642
-0.549738528605, -0.401245007108, 0.208676883152
0.469965789563, -0.205187333847, 0.0944810119048
0.380514510258, -0.179616256331, -0.0320608861979
0.312480878985, -0.0919366373949, -0.495060110814
0.0542032688079, 0.235140404158, 0.0380159759422
0.482198741221, -0.154272993892, 0.280716125008
0.014555987634, -1.09454834231, -0.360420474753
-0.063744050651, -0.197891252117, -0.749065991054
0.0803386907386, -0.461522621289, 0.136105035843
0.1093706445, -0.480804393766, -0.220274895454
0.319442223528, 0.784915371501, 0.0162143154847
0.209532215741, 0.119665063072, -0.218053112531
-0.322199210788, 0.513325924455, 1.30102046942
0.37693231521, -0.00389012038268, 0.270819746082
-0.0482847975958, 0.392595275334, -0.535100336193
-0.514049163292, -0.170516909239, -0.254966250916
0.188256513293, -0.414050715156, -0.375491051221
0.471734923636, -0.422747314125, 0.174554555484
-0.433342235723, -0.217345158714, 0.0872703696575
-0.0912520111886, 0.349732836715, 0.249325298056
0.0485592106088, 0.115328146299, -0.0149034267712
-0.10410217052, -0.228163330905, 0.0123454711896
-0.0259561027285, 0.595692445969, -0.0519977390347
-0.087167795925, 0.301584707463, 0.595180441623
-0.138455993082, 0.493166571044, -0.683600394222
-0.0571985156417, -0.0639057861865, 0.0176868676382
-0.276874376166, 0.173844080416, 0.198997852218
0.00326720200062, -0.296015737184, 0.587586130845
-0.044814441002, 0.570699487461, -0.0290784941448
-0.450190672683, 0.427418507774, -0.329974322419
-0.446091634772, -0.382585600988, -0.283375781881
0.237665966146, -0.570594995731, 0.518711839304
-0.217515181913, -0.0472551178839, 0.25073170183
0.0909381757589, -0.086993738506, -0.248529847465
0.251257406709, 0.257483825947, 0.0911560050498
0.246649219204, 0.137218285354, 0.310660500703
0.0420930473754, 0.00991518251029, 0.217745548954
0.676873474819, -0.547405117851, -0.239752805693
0.422066897892, 0.00221432985705, 0.00817173796173
-0.69733229742, -0.564362826673, -0.186620017278
-0.175800966099, -0.0203783904808, -0.0113247710037
0.97669342325, -0.229667790727, 0.273737157018
-0.378988372803, -0.0934096897905, 0.53817189605
0.001942286166, 0.237397683326, -0.542266240037
0.0983581459811, -0.369881661096, 0.269345165635
-0.188544999616, 0.131213954496, -0.0241894532955
-0.62170674431, -0.169433800319, -0.109999955341
-0.443926286157, 0.422926483873, 0.414341319206
0.422545780688, 0.205146029127, 0.270407258057
0.515560118767, 0.294829612876, 0.160590285628
0.483183255541, -0.188979839725, 0.267520008298
0.147566219379, 0.690923030525, 0.183393725384
0.00832750791995, -0.132966679603, -0.316114120475
-0.500375143941, 0.70512021402, -0.553577150752
0.135528161566, 0.139401682579, -0.131807838395
-0.0324469365648, 0.310693673588, 0.106938191862
0.298829117623, -0.637557843036, -0.155468819897
-0.0278306212354, 0.0283555216846, -0.0750259757586
-0.229342429499, 0.257501933919, 0.183401721591
-0.189978485276, -0.143199814559, 0.324887382059
-0.743477018685, -0.188023855607, 0.150536967054
0.348218703223, -0.0976417637861, 0.296594337619
0.194191230808, 0.463276671973, -0.140220149196
0.190733052933, -0.439637971398, 0.432393518947
0.349773188852, 0.217991716272, -0.0785810735593
0.258062641869, -0.182078161877, -0.206925833191
0.371384994918, -0.376859360606, -0.194494936968
0.164068060905, 0.348839004846, -0.368564369175
0.243079267049, -0.164273071553, -0.133339618665
-0.0187680228372, 0.293968002126, 0.364085447294
0.521921498294, 0.0936372839083, 0.0660163210169
0.28547143771, 0.0109077663978, -0.0254235696235
-0.183551362142, 0.698415921566, 0.383705062426
-0.349548934953, -0.266321039924, -0.281303746672
-0.427512042734, 0.127289996332, 0.355989035363
-0.234396182831, -0.0840181519287, -0.19697332652
-0.29584944528, 0.547087338443, -0.305237416286
0.242642074229, 0.40275123396, 0.291006302865
-0.589207687968, 0.646762440288, 0.233842656614
-0.180925645058, 0.414164501395, -0.555381072255
0.261211302457, -0.0797064119731, 0.0867938472005
0.135978626786, -0.0300774916806, -0.345314346908
0.52358963538, 0.0888277569366, -0.0517694196521
0.436936556977, 0.505665857656, -0.049307436617
-0.286087014692, -0.553773653697, -0.64464370064
-0.289113636888, -0.47609295088, -0.327497125319
-0.00830691747517, -0.209158998438, -0.0101548637709
-0.327421739257, 0.515017730624, 0.0266935546167
0.0849667962519, 0.364135589628, -0.36279440633
0.0912174192959, -0.385768543165, 0.0986743851493
-0.159240260524, -0.108061448474, -0.349934736044
-0.214069392726, -0.311526557956, -0.230818504843
0.219955858905, 0.19460524395, -0.130696563884
-0.276571192363, 0.0735791561406, -0.258948578579
0.319223571434, -0.107496068142, -0.0628833936468
-0.384466230688, 0.228660090602, -0.369944600872
0.107054815109, -0.655476051971, -0.762378761957
1.04128761677, -0.0720011298684, -0.0366606175701
0.224418936295, 0.395301464158, 0.59581881272
0.249106675802, -0.121053226129, -0.520351099306
0.290503466688, -0.128857156141, -0.348290870202
-0.0400404772656, -0.293887030527, 0.179293102356
0.234569235334, -0.695917073239, 0.190865910812
0.206950515569, 0.316699448405, 0.415159238322
-0.0713798348851, -0.0476674464167, -0.242668762222
-0.246152521014, -0.0915586933822, -0.099165159825
-0.0522532350519, 0.177513549483, 0.621364504096
-0.0648570191815, -0.336259375883, 0.0793248843914
-0.00891092284783, 0.429324044336, -0.733926302564
-0.0667568817304, -0.520327587344, -0.167698223739
-0.379431957897, -0.013454410955, -0.197430873183
0.455563890959, -0.0898482910746, 0.15798643721
-0.140889491621, 0.703407184406, -0.56896225174
0.286191961918, -0.389723767775, 0.270328014085
0.195936064672, -0.257557468832, -0.378105057386
0.235342806934, 0.59537544913, -0.366947939919
-0.0427060191579, 0.179124876539, -0.660058001481
0.316436173773, 0.235060016031, 0.27828690133
-0.130788881925, 0.520308690443, 0.385481340456
-0.163171533347, -0.0100295069159, -0.103254893887
-0.329197476534, 0.222284973677, 0.844374720438
0.08670003753, -0.560300861901, -0.363418162974
0.456406022338, 0.0552520272314, 0.382349689738
0.212253632609, -0.27243849427, -0.464795445057
0.0652387051116, 0.103917003263, 0.276823081424
-0.825945914778, 0.0951515028921, 0.207255358604
0.00884225669479, 0.182973554889, 0.141772486213
0.24689639216, -0.307011579434, 0.558684639291
-0.854919954634, 0.170643631483, 0.329045851155
-0.167283994963, 0.423052517101, 0.544474191099
-0.0671557405102, -0.0764076190361, 0.321322726783
-0.459454936609, -0.0699705245922, -0.379247321212
0.496034111456, 0.34480618275, 0.16126574061
0.037730172748, -0.430606791788, 0.133544940507
-0.232192443821, -0.511087370816, 0.557911301534
-0.0275731605805, 0.290197465023, -0.140107499905
0.0166612145873, -0.157509175927, 0.0322370829221
0.148377145559, 0.10912039294, 0.403061618991
-0.00939800338814, 0.198316363337, 0.344026852416
0.0651205258157, 0.396582063688, -0.504050498147
-0.131851890095, -0.531861368447, -0.016799381355
-0.0212573096281, -0.1998556098, 0.144014401785
-0.322010713407, -0.250789643891, 0.848964685894
-0.515586479581, 0.097416668074, 0.14945704274
-0.54757566309, -0.0130045036633, -0.348470452348
0.0463063509951, 0.234739666507, -0.00281380256897
-0.541886088614, -0.15194009764, -0.573715513235
-0.233989217449, -0.369684452068, 0.218470655369
0.733127773966, 0.190281585678, -0.673302047609
-0.155466451369, -0.391719692318, -0.331604441366
-0.0160685467452, -0.0505740998929, -0.0247360508757
-0.0615646599905, 0.171686968194, 0.215150417452
-0.0835191184506, -0.555903001766, -0.117755484546
-0.187985023964, 0.0435947213952, -0.0705460796028
0.380477113295, -0.109721566882, -0.470540068948
-0.141374342201, 0.0719389967904, -0.293290384522
-0.0690350593151, 0.381231937441, 0.0176552988828
-0.238559120546, -0.12649882806, -0.188465952605
0.228246919527, 0.363321438332, 0.0784745796363
0.564183437889, 0.158745079865, -0.0570824041341
0.382878196384, 0.14007777702, -0.000161591405374
0.331161495059, -0.263787248882, 0.572200682746
-0.00707022787854, -0.299729953924, 0.00284737287586
-0.347451918647, 0.00871307031212, 0.197815936635
-0.388015664534, 0.149002510405, -0.157038932147
-0.423533134444, -0.231783049123, -0.334324010955
0.324313574591, -0.249022903451, 0.101931468409
-0.0833104957781, -0.136282354567, -0.190505021065
0.0228615233293, -0.0344624123908, 0.143782889879
0.00358930543201, -0.299454282518, -0.285108647175
-0.246461254716, 0.259490061233, -0.354481241604
0.0804480663207, -0.621020886773, 0.434368794076
0.200474029551, 0.017050562001, -0.09762211122
-0.105975606087, -0.106480790397, -0.0974513302369
-0.30771382587, -0.25001531444, -0.190205993886
-0.26171095114, -0.121395358529, -0.0501887897981
0.452395982256, 0.249202708723, -0.331820980142
-0.0213187563654, 0.41072275978, 0.077393503132
-0.400214483004, -0.0506767504334, -0.0532049056755
-0.0352976495142, -0.131894253254, 0.323386225092
-0.373394659979, 0.422864422878, 0.141827107388
-0.274648851705, 0.196081541196, 0.237450692317
0.0811032626606, -0.135332651161, -0.844648664835
0.198442384047, -0.666924550467, -0.145715333925
0.365724758902, 0.0563918366875, -0.569965813662
0.228134686788, 0.2491001403, -0.283285226824
-0.126628860716, 0.235741743937, 0.289198640932
-0.477673872449, -0.168825873915, 0.266224057381
0.181434292062, 0.0352670603256, -0.137098514408
0.341124422363, 0.0358290712048, -0.103221510235
0.0893059773419, 0.0537741119968, -0.496109812477
-0.179528050965, -0.134958147392, -0.353848242346
0.539234814193, 0.144388730179, 0.786320318251
-0.613777477412, -0.318390769867, 0.437554169581
0.338604555217, 0.361281302365, -0.362314745641
0.968895353401, -0.124262073051, 0.640494379795
0.219274236562, 0.150778046933, -0.556698681695
0.84697131388, -0.447083664432, 0.531845444749
-0.463200848093, -0.844079574283, -0.0300448814264
-0.576149596751, 0.28645782187, -0.33054702844
-0.100047912019, 0.173505142192, -0.10558843438
-0.958244506073, -0.0331488494428, -0.726349465993
0.0430751104247, -0.568332440797, -0.340611040384
-0.482212600404, -0.214737458901, -0.0720835556402
-0.504958951276, 0.754078012685, 0.430595643329
-0.30208223942, 0.0726181333577, 0.537036287641
-0.0659379310108, -0.857217487724, -0.620019749598
-0.0729070262403, 0.76797739169, -0.0253933298186
0.801517849197, 0.744776383677, 0.0768708421648
0.0264482281447, 0.667280669586, -0.0769636231282
0.208188884736, 0.0469690280254, -0.203083120791
-0.177871873613, -0.113517100988, -0.0202461020856
0.0427229296203, 0.101937898638, -0.360246840987
0.0241491012814, -0.0312820226326, -0.0743896388188
0.634855756118, 0.534739888115, -0.335423748479
0.104272256465, 0.480515209563, -0.50581682596
-0.538574000626, 0.281333651446, 0.221846983296
0.536412229552, 0.0314775073847, -0.417643745284
0.0490024024491, 0.247037696279, 0.104963595357
-0.138844902554, -0.251246481513, 0.316197834604
0.377349775817, 0.297965273325, -0.184279668292
-0.186591567347, 0.949574025984, 0.036082681896
0.799734109487, -0.524632884001, -0.315102438961
-0.46250543849, 0.124142705989, 0.0218361306847
0.136355733234, 0.338378920208, 0.0555629854429
-0.180755623682, -0.00418741761826, 0.0179762265972
-0.00288736134339, -0.174804811882, -0.516287687081
0.0545751116837, -0.291964641781, 0.172839250427
0.327033781893, 0.0786956519759, -0.503769058899
-0.0614339308633, 0.585291563398, -0.168904135621
-0.259996406962, -0.274217708441, 0.391483569836
0.00842299758931, -0.130467722442, 0.484403840966
0.0114883402526, 0.330632702536, -0.14023818383
-0.233946910715, -0.0809154021258, -0.124385730516
-0.0747062830033, 0.0875772187733, 0.325614964672
-0.0734464405612, -0.0967063536252, -1.02012327506
-0.227032611369, 0.196493686965, -0.128411973581
-0.260768156984, -0.133268030595, -0.290292636938
0.133904754874, 0.0671383555041, -0.166349815655
-0.235153312143, -0.0366955920115, -0.303733632414
0.135180243621, 0.314076058133, -0.183241026145
-0.70241360502, 0.217222839585, -0.345633994685
-0.386456902188, -0.435274287857, -0.478837901614
-0.316522958907, -0.18205677727, 0.318366166809
0.312818658189, 0.197015171771, 0.0242410376742
-0.60332353987, -0.50102253049, 0.118113063941
0.0603825125021, 0.313221251605, 0.4843262207
-0.127021238068, -0.30638219187, -0.30266830204
0.344879152029, 0.463488185917, 0.443127430295
0.0914418738689, -0.202468206684, 0.377629678253
-0.341668970871, 0.153326987745, -0.257676914088
-0.348731171515, 0.0262669028699, 0.328386759504
-0.414871243086, 0.0359137907248, -0.195187851413
-0.908996900423, 1.03298191223, 0.11580547955
-0.438541903462, 0.290655096813, -0.214323689157
0.417707547813, 0.590298855609, -0.422085948655
-0.492641520088, 0.175616790193, -0.285891208561
-0.208238311656, -0.343703977429, 0.0447137714166
0.379666716749, -0.367847919616, 0.134992934521
-0.716278425929, 0.0791052488249, 0.375456713464
-0.221699005791, -0.334180361498, 0.66888820767
-0.474032345309, -0.281504715679, 0.0666790757115
-0.108634337012, 0.0876723710002, 0.464608999104
0.426944925674, -0.267273421546, -0.255694581407
-0.542665773523, -0.0343365378823, -0.176394376706
0.18586604527, -0.246278389135, 0.0901189919901
-0.28474165572, -0.00365592445723, 0.322546955364
0.146895696403, 0.226405307299, 0.14047691485
0.229868974605, 0.306306211911, 0.0981367202744
-0.22682935188, -0.196772887295, 0.601868806973
-0.0729213476915, -0.180658071189, 0.676310385467
0.597997799872, 0.392897045618, 0.0255014755671
-0.296074221761, 0.0749222791164, 0.1741786325
-0.0781815923698, 0.360794525367, -0.418351538156
0.579418671128, 0.2414072607, -0.494864742973
-0.0780866863024, -0.0157314063652, -0.652367194916
0.13554990374, -0.121699851192, -0.263916900565
0.367175960924, -0.270326159483, 0.36291975231
0.626269616043, -0.267921136923, -0.695450132272
0.108914904415, -0.310573933465, -0.0588489482277
-0.0955754850735, 0.150659316808, 0.330207222894
0.0643304915914, -0.000223875839966, 0.211694340707
-0.179605848176, -0.101329507267, -0.386392451577
-0.238840038595, -0.169077681356, 0.100055970005
-0.278297816019, 0.806693430688, -0.194646213602
0.26829394197, -0.134066427427, 0.0579757113705
0.25272466827, 0.431115118868, 0.151188991772
0.116826377769, -0.325205499876, 0.476887223131
-0.0956751629513, -0.4171785092, 0.228759208202
-0.42888527796, -0.205385121638, -0.28514900398
0.23814097545, 0.20379001795, 0.362043480471
-0.377165434481, 0.48404497725, -0.22057815227
0.180874115057, -0.190501170614, 0.951461897452
-0.324605039906, -0.00773178422666, 0.749601197701
0.0618695734737, -0.229106586697, -0.316858357049
0.258322187172, 0.434682819621, -0.122450145714
0.649875069942, -0.253250116017, -0.1301775602
0.0343030902507, 0.661616673781, -0.39417306727
0.0594050268196, -0.0216583379063, -0.0975777368165
0.20147012539, 0.308920487129, -0.308613859095
0.003675854302, -0.0391345530133, -0.127515769199
0.864443818194, 0.253224760887, -0.599910754134
0.190977670327, 0.220517497162, -0.713057594943
-0.206159878221, 0.401708090956, -0.366561685402
-0.807881542848, 0.197471463568, -0.220482704091
0.246059189966, -0.097586433157, 0.0012834365583
-0.0484044680463, 0.144977185382, 0.373546470633
0.423411247142, -0.14039996761, -0.0547439433335
-0.00810758799338, -0.470570630525, -0.34791050753
-0.576067373409, 0.623491372579, 0.22275854194
0.178524101385, -0.5352665668, -0.175017871519
0.292184759113, -0.422011008838, -0.214956131193
0.163674075604, -0.0416239763195, -0.537453407653
-0.286782850792, 0.0297427658239, -0.515752233316
0.24915769886, -0.483140607179, 0.0425370299424
-0.188156095863, -0.269839100336, -0.457621016552
-0.265875877665, -0.519224106581, -0.0214938759873
-0.010474688014, 0.152346053779, 0.237396071392
0.118483555314, -0.0779040996742, 0.463224665771
-0.151030715539, 0.247712151535, 0.262459112645
-0.520742284183, 0.756032648873, 0.321418703955
-0.0367732936554, -0.232760082227, -0.0315592557441
-0.0396265279116, -0.0203755557594, 0.252436491535
0.141992577186, -0.318911839165, 0.0244966016178
-0.121908834697, 0.0018561201677, 0.261232371078
0.264579422961, -0.344578822204, 0.18467246525
-0.487386142688, 0.296997270728, -0.246082856809
0.254218135042, -0.25289062071, -0.0861499828783
0.13931042918, -0.308687250986, -0.612414366685
0.158914990277, 0.269531253139, -0.0303153530514
-0.345783775654, -0.0134098462293, 0.248503356974
0.140695580197, 0.784529375972, -0.183201463981
0.254860446778, -0.551452388024, 0.0832475209823
-0.0814172253588, -0.409365820479, 0.0209100653323
0.480524732076, -0.195437095496, -0.648797618532
0.0463431142058, 0.319089505979, -0.215904840083
-0.257117640617, 0.54325701151, -0.552364417043
0.198048849255, 0.581193118203, -0.504300442767
-0.00312866019624, -0.105600665664, -0.723244790317
-0.154623535749, -0.431907501068, 0.188901334162
0.475601940952, -0.133224481662, 0.343957104851
0.154266429402, -0.502213390361, 0.520031577132
-0.370385795209, -0.176841105967, 0.262269127985
-0.340498955539, 0.0600285746937, 0.159754104422
-0.343485629388, 0.0777123651082, -0.222747386831
0.296344118729, 0.173610907348, -0.265793111837
-0.305575539679, 0.68874608127, -0.097182777648
0.166365398052, -0.0604089369468, -0.714983708406
0.0718710416091, -0.671756072565, 0.308656181503
-0.0587665335966, -0.0650870770985, 0.133389818505
-0.189515542578, 0.43088067891, -0.367517583946
-0.308217942199, -0.11196317555, -0.212940240266
-0.0784504095106, -0.18016663404, -0.0829741830217
0.288304783168, 0.103310361508, -0.48225221564
0.133570436662, -0.386469816882, -0.405238338167
-0.21785752523, -0.689361312558, 0.322043861889
-0.7379387411, -0.710720766189, -0.0592174491411
0.423584124397, -0.486919794048, 0.176392308179
-0.474751458032, -0.309647773358, 0.257274670144
0.0857748048156, -0.450643022576, 0.224880492415
-0.228704062844, -0.0875372596174, -0.243560386482
-0.121516021865, 0.129086452247, 0.114420809248
-0.219112236644, -0.155801858611, -0.500131354931
-0.0425980573334, -0.0298404451991, 0.0650687447178
-0.445260828881, -0.153612222229, -0.552129799363
-0.228127049173, -0.286728515087, 0.22629048493
0.17500859999, 0.495880105788, 0.100170684881
0.289692281704, 0.137839973279, -0.337222046568
0.315922517653, -0.160547469227, -0.0595248942761
0.483254942613, -0.245986296334, -0.210370884526
-0.0872353309096, -0.373154755519, 0.408822603918
-0.188772790784, -0.02311474187, 0.240734232283
0.191503754065, 0.0997851943236, 0.162081170397
0.43034070939, 0.171376017832, 0.664693667259
-0.325557246139, 0.290195424924, 0.48998642796
0.0624561458716, -0.867372411776, -0.00149768156665
-0.742329098277, -0.130316240111, -0.20665120684
-0.125050816018, -0.281104115393, -0.189650573595
-0.157472641519, 0.145570159087, -0.456420197687
-0.162643545156, -0.697521689245, -0.0636415849245
0.0577221981423, -0.47128232781, 0.0347980333534
0.0614698908025, 0.169784945299, 0.0875985586321
-0.026925320307, 0.393388588313, -0.072056608519
-0.38465611189, -0.447612632814, 0.336295765802
-0.272919122769, -0.430935684786, -0.233276638484
0.341988500473, -0.400073488854, -0.43217947858
-0.113080374351, 0.023499528092, -0.335302701477
-0.159318829635, -0.276543131601, -0.0305051108765
0.150099883424, -0.412527083388, -0.0274039226696
-0.0758367534591, 0.0283242380325, 0.0796688653779
-0.0418295980635, -0.135679239454, 0.393726189559
0.341168953077, -0.216818297765, -0.397962694996
0.308592261418, -0.00486985975085, 0.108131813408
0.411776842954, 0.0734072574243, -0.0651828818952
-0.27548221695, -0.0177442628837, -0.295917182493
-0.172735003707, 0.314243818079, 0.0737027634961
0.519187376473, 0.0590835052767, 0.188355200394
0.0151301710617, -0.201522296157, 0.113500631431
0.29425037277, -0.445175428968, 0.0520862038284
-0.703702557814, 0.245549080862, -0.606663659505
-0.17196825531, 0.0623504168186, 0.405312884877
0.628208006423, -0.202200697452, -0.515121728014
-0.207763185707, 0.507246911981, 0.0563276302899
-0.12462030873, 0.249863537328, 0.362335820178
-0.516428982002, 0.00142042876888, -0.255001962381
-0.177327347596, 0.409976821817, -0.388763466514
0.446611219356, 0.0706462063278, 0.519447179537
-0.331808755208, -0.468425976424, 0.199485372363
0.380227453826, -0.15155971227, -0.0209174452503
0.157664928626, 0.440083757603, -0.498277984418
0.0320807418283, 0.385757460939, -0.380279175797
0.00914111796814, 0.159366947167, 0.255069273203
-0.432610189229, 0.159670413209, -0.352194057579
0.0630832462483, -0.130214968252, -0.183579546458
0.113556397075, -0.289676106172, -0.0282950472339
-0.00729560835791, 0.466356613647, 0.247989467601
-0.0543661233863, 0.194586602354, -0.310653634799
0.420907840464, 0.16738271174, -0.200361839181
-0.372462615275, -0.125079268503, 0.513082214579
0.00380759294834, -0.219596309545, -0.460303927486
-0.189855943974, -0.322183017229, -0.236379295643
0.364066938018, 0.733744391337, 0.140318195615
0.0916283607944, -0.451473279301, -0.568229452218
-0.313300719503, -0.220633996933, 0.178345441148
-0.354590633967, 0.282216662572, -0.120707083126
0.608412282478, 0.0652259660464, -0.250279708006
-0.505610346749, -0.339729963176, -0.240559988428
0.507111581851, 0.0549597414596, -0.277817094958
-0.26069904267, 0.391062581644, 0.0937780339456
-0.361668292329, 0.474702318831, -0.213778298017
-0.0625189084537, 0.407733671838, 0.0605773683404
0.320366770782, -0.183655122205, 0.27770466573
-0.0300707233864, -0.072100311428, -0.0866251167916
0.804455153698, 0.417876463418, 0.622082874004
-0.326904968907, -0.104323055314, 0.000989478786869
-0.127109407626, -0.416974262282, 0.170029568353
-0.0897837156733, -0.120063758836, -0.0748488807144
-0.149605991781, 0.186099191361, 0.637053120879
-0.451468229106, 0.106650097242, -0.513285350729
0.319627879973, -0.197200041189, -0.315538291969
0.0519770307458, -0.0756472784526, -0.106057499929
0.22284514741, 0.320326742986, -0.451434514025
-0.263695038383, -0.0144819321182, 0.899551761132
-0.346459008374, -0.0869410344668, -0.0380683490405
-0.556453432471, 0.394646200538, 0.931078161307
0.0248313244533, -0.416255898318, 0.92067497131
-0.129902466815, -0.0493578873601, 0.127442570417
0.665648021205, 0.15916971411, -0.0149217645421
0.0519967386461, 0.444650751711, -0.301584596556
0.0785053460896, 0.226970184031, -0.00789572429584
-0.614919126212, -0.266813914213, -0.194112524291
0.13838326601, -0.0936456822605, 0.610736199745
-0.10670999621, 0.127289525891, -0.162373648426
-0.10582829252, 0.248425654699, -0.0174150238099
0.214335009978, -0.259877188955, 0.00591939387504
-0.055484382149, -0.650229306898, 0.181503850017
-0.597886723328, -0.156454402549, -0.152958371572
-0.685010596182, 0.128583319224, 0.239334420464
-0.154797356211, -0.0856044188598, 0.0115652204699
-0.412152540716, 0.0503620350337, -0.214759483747
-0.342109859344, -0.364459789049, 0.783824114206
0.368234167434, -0.0529425812154, -0.292528437487
0.450083540822, -0.395442725026, 0.0423193498486
-0.213022837967, -0.279374336644, 0.0743105667536
0.276310799099, 0.0366104746234, -0.273427372074
-0.177835774341, -0.240136440633, 0.178531928467
0.0830499441436, 0.431380330975, 0.443919210027
0.317558832998, -0.272380184939, -0.113409033491
-0.0784117306459, -0.332575142568, -0.52894733177
-0.258799933571, 0.0677410304651, 0.489292638932
0.44673987789, 0.161387366274, -0.24785892831
-0.28585710716, 0.419261024453, -0.282160807325
-0.118979769158, 0.338655602663, -0.138830938428
-0.495541453081, -0.0843591750005, 0.158113334868
0.153027742586, -0.985061356247, -0.619648625939
-0.0308947119486, 0.403678833025, 0.0191736939203
-0.741960336817, 0.242914918689, -0.11108600753
-0.459008854696, -0.353699165151, -0.0893488961239
-0.46960211736, -0.0507040577299, 0.734162547571
-0.668021017933, 0.00184415484095, 0.170770144717
-0.0639155875381, -0.541828413535, 0.256057203961
-0.306929388197, -0.272684121975, -0.176855681977
-0.615704730467, 0.216204688212, -0.500572544133
0.335741081532, 0.479636402404, 0.141993662542
0.102931658586, 0.211374100286, -0.434502807226
0.225770697071, -0.323761730209, -0.476506645804
-0.0472654429501, 0.207486303587, -0.0129319078278
0.00175733414111, -0.846321907413, -0.411946657532
-0.0158062843212, -0.0124802290804, -0.20693667537
0.0834803135222, -0.110303962236, 0.208564150453
0.521390298835, 0.175067674568, 0.73590842076
-0.0939637900283, -0.160057071042, 0.122728423144
-0.817848282123, 0.557618506809, -0.00697043652318
0.133775621264, -0.0795704947623, -0.297761190516
-0.146026673383, 0.104530123903, 0.581723723952
0.247466340486, 0.0930253795667, 0.65292442564
0.463874575659, -0.268536155883, 0.102684513948
0.379309886507, -0.299047706018, -0.294431610576
0.45276777811, 0.746022391028, -0.434225191472
0.0668763110367, 0.326649049478, 0.462834149394
-0.66772579638, -0.450680387131, 0.759798335153
-0.0641091544613, 0.202654455013, 0.0433767189886
-0.00202510681354, 0.19521518711, -0.567303037149
0.294465516481, 0.0869205989953, -0.0863773061515
-0.151063532748, -0.274547318341, 0.646463603668
-0.0590339193225, 0.221487059658, 0.230567181546
-0.253391866142, -0.0106782014344, -0.201300814918
-0.138812002137, -0.181448691745, 0.0621361749088
0.236458491064, -0.188321306935, -0.191127272258
0.114670079736, 0.648941800668, -0.111015252853
-0.461980345627, -0.679550496297, -0.410477299419
0.0165846206634, -0.436025689756, 0.778200308171
-0.0751749643885, 0.213134459685, 0.0671418467378
0.37558828983, -0.00750682753664, -0.217418511676
0.326479126891, -0.333347882351, -0.265106812809
-0.393686546066, -0.495072708384, -0.186855974184
0.143956294435, 0.685912166944, 0.349179566302
-0.0744247744449, -0.541054505449, 0.532051331634
-0.355514183628, -0.358934022484, 0.541663970073
0.123873449611, 0.0886851194483, 0.491731370278
0.216288352101, -0.537355328821, -0.193348928987
-0.0982098099638, -0.144931825291, 0.71512136773
0.0506107663252, 0.0850068216178, -0.0771792252692
0.127188205136, 0.297675849701, 0.113481700692
0.193072911818, 0.0969031399126, -0.0846629889483
0.323496668285, 0.0697801928269, 0.114823854381
0.957544842696, -0.27648723194, 0.584860158766
0.242004177281, -0.454837120937, 0.0676783998849
-0.164391778423, 0.162659071008, 0.135218432521
0.255793723052, -0.0724980900451, 0.321740050713
-0.248448495461, 0.186034467973, 0.295059920404
0.33534845138, 0.367509925191, 0.239249900812
0.36024165584, 0.558964973752, -0.678893162079
0.708090070904, -0.280932758683, 0.311133021826
-0.0935503356338, 0.0725132212344, 0.397286214248
0.143385579126, 0.367233386422, 0.639077289688
-0.20811403011, 0.0496542842384, -0.0652927361268
-0.513687237592, -0.449767279511, 0.0673979585724
-0.0052706515139, 0.148882445015, -0.128869930333
-0.0428313071177, 0.296245369978, 0.264074668637
0.473997840319, -0.261549921077, 0.46668467961
0.239753161817, 0.149107241537, 0.129738493896
0.619788293926, -0.0910419755572, -0.521093555655
-0.363647170123, -0.355868223872, 0.224724674706
-0.32698991078, -0.498491645789, 0.110302338411
-0.251903736961, -0.0581694410813, -0.203536983067
-0.582031752465, 0.450140062419, -0.401800669742
0.340121870069, -0.126192186722, 0.00500051381765
-0.698035696263, -0.890347141842, 0.600304390652
-0.0953869679788, 0.0188391063959, 0.247847971262
-0.327667752499, -0.550976685992, -0.0891474791145
-0.324342947097, -0.219556840292, -0.311756696231
-0.137483064273, 1.12761655182, -0.259797610289
-0.132603203699, -0.143904482396, 0.552090150237
-0.131173055954, -0.0326789494461, 0.317612567543
-0.113674176932, -0.0873664886629, 0.110882985389
-0.173300373871, 0.755093757524, -0.261060116755
0.144612678586, -0.108655296759, -0.302345497659
0.333760565187, 0.499702864384, 0.446193979815
-0.0842139430565, -0.19349892148, 0.532905177937
-0.130995055902, 0.0247325059925, 0.170890199111
-0.386238703098, 0.404392710336, 0.440729057911
0.060194726278, 0.729251984738, 0.0469955603811
-0.45044434279, 0.203377606086, -0.556298039965
-0.183384623931, 0.207586311001, 0.276148027358
-0.243487879881, 0.43214472685, 0.71031972202
-0.012981551686, 0.439351650203, -0.183239803864
0.233042945487, -0.168560513425, -0.167249457636
0.0696093895694, 0.300770730193, -0.59721938427
0.302651615328, 0.138984293343, 0.45051848664
-0.500105776523, -0.0508800281244, 0.450642631355
-0.24099538113, -0.804262451572, 0.428164914435
0.361383929606, -0.452021990555, 0.0288725227546
0.457119923412, -0.0337532117728, -0.261002582639
0.344309682043, 0.0927099576746, 0.247037568383
-0.385981132691, 0.0879842553986, -0.0185115689022
0.989691253487, 0.399064808849, -0.135079967461
-0.161073622687, 0.49890128716, -0.810850147178
-0.216050467081, -0.119677242868, -0.575614427358
0.457253238204, -0.226045336205, -0.320167816201
0.151307614281, -0.182569548791, 0.497904331055
-0.0580932516053, 0.128215703623, 0.0515230849806
-0.0354866635954, -0.0224715577394, 0.399264768483
0.353427889172, -0.0515809624093, -0.314184545619
0.477930968129, -0.0529100481115, -0.432374410993
0.14192500997, -0.527332030881, -0.147616973898
0.553299871114, 0.0246553411308, 0.190964977011
-0.158993455021, 0.0306224078371, 0.169421198774
0.0558723581873, -0.0443224569265, 0.0171326667217
-0.376286585534, -0.423403369776, 0.308514445121
-0.0913461425288, -0.16369297761, -0.0470648770894
-0.243957152797, -0.377593379302, -0.0746816696979
-0.621259579919, -0.0967633190655, -0.102365740729
0.196279255292, -0.115565487011, -0.211993286979
0.0100742239768, 0.00889006001156, 0.30374867104
-0.2050327074, 0.260023372153, 0.387159654729
-0.0180512606572, -0.309475235832, 0.373187044561
0.345169828459, -0.130698093737, -0.408610257746
0.139789381647, 0.306434971836, -0.0461469342755
-0.0405950374233, 0.15207502668, 0.251152635778
-0.00310554005942, 0.593774480935, 0.054492320204
0.70359966438, 0.282999495111, 0.110916945779
-0.204272406844, 0.46051679093, -0.530566385726
-0.513741219648, -0.483993270883, 0.602109089059
0.938644810206, 0.48197857792, -0.265718667807
-0.300908528398, 0.600595944301, -0.560036744621
-0.366537610804, 0.0767492133296, 0.207219078304
0.199622603659, 0.0159743582584, 0.267549036022
-0.2324407296, 0.0527017323516, 0.197142400176
-0.633563186552, 0.0807620795827, -0.724712638751
-0.349461965641, 0.154766274508, -0.344591147339
-0.391901747539, 0.0195525413811, -0.66187085053
-0.368758012337, 0.877633981437, 0.381496878791
0.329716856129, 0.290145545868, -0.241724958142
-0.0482859927271, 0.632323404601, -0.10285770966
0.270630694658, 0.221959833913, -0.0640664817903
0.0430358767091, -0.354110723035, 0.00925101997028
-0.934150743107, -0.430243851312, 0.235549182299
0.429808541257, -0.0726922480942, -0.29600523626
-0.169403373179, -0.115477324715, 0.116567443509
0.262910057352, -0.0802054167586, -0.173702079505
-0.46678259718, 0.201260344507, -0.288178929018
-0.294246199749, 0.236550884771, -0.28518557549
-0.133142812516, 0.0623982998032, -0.153609256626
0.00145209151112, 0.422200935852, 0.134411871253
0.172595602328, 0.758113057926, 0.337096854817
-0.543411976636, -0.431746957768, -0.435097533729
0.189182435599, -0.00622562084454, 0.271289712507
0.328064179826, 0.257606860325, 0.43424068332
-0.338570156588, -0.120904924317, -0.0540216951781
-0.537505165745, -0.0363696314529, 0.211515043922
-0.369712381459, 0.773884800213, -0.172263918246
0.47053292897, -0.0443668641531, -0.0227082814317
-0.434084467053, -0.0841232786631, -0.443725339924
0.113224737866, -0.488366059607, 0.607167036239
-0.0799067850841, -0.787351168148, -0.458785149453
0.499663692385, -0.0935461882151, -0.492239997367
-0.364360577398, -0.0199738561979, 0.328265735526
-0.230133667773, 0.229575258786, -0.565427268398
0.248711494152, 0.0225258295279, -0.265548309711
0.35073761971, 0.0623116267237, -0.134592395106
0.338180224948, 0.145360943239, 0.551136927678
-0.143123525321, 0.0304140805382, 0.288829738531
0.287477790917, -0.48791147708, -0.00759721913787
0.0268484527811, 0.279965229133, -0.493639938943
-0.194953902158, -0.28772255871, 0.385713190226
0.163029535597, 0.487955290282, 0.0396887925158
-0.139507465844, 0.036423052631, 0.438207508786
0.659080495115, 0.351291809792, 0.566970589488
-0.208097854641, 0.549938264082, 0.0836677360529
-0.57546464561, 0.606529611798, -0.116502047107
0.210429726125, 0.17545630769, -0.354868360532
0.29920798785, -0.338820211555, 0.122463002248
-0.109594088369, -0.305377011268, -0.110182134118
-0.0937101320849, 0.160076282857, 0.0554300823519
0.11541268479, -0.462699410925, 0.022336042082
-0.454813142873, -0.337475875142, 0.253522300607
-0.772481373907, -0.0183682280903, 0.0124839334307
0.160092733873, 0.404375228583, -0.278362170258
0.323595709433, -0.520994163227, 0.432015645358
-0.371284945156, 0.192177585221, 0.120582275207
0.413151364836, -0.397798805117, -0.610007080547
-0.646398924582, -0.250125578182, -0.0954333524785
0.0247391462543, 0.000819193843464, -0.00746156476693
-0.280460815108, 0.515652667387, 0.0828321554884
-0.345341869289, 0.137544514353, 0.449927517025
0.42527011202, -0.237792290682, -0.26981893059
0.0403359708663, -0.0894857057431, 0.0853713300697
0.0565515897039, 0.168375725815, 0.367056985308
-0.28806246156, -0.251495667906, 0.119353429696
-0.765227213303, 0.180662341391, 0.0883893396748
-0.290057687663, -0.384685918359, 0.61456290695
0.349860141779, -0.409530847648, -0.133745132801
-0.0591459711949, -0.191016366021, -0.439019652665
-0.132342544098, -0.784843848437, -0.0359158366413
-0.086583951124, -0.0825442771704, -0.200743162719
0.116400023483, -0.46484006931, 0.240974737802
0.110460535118, 0.0247535714477, -0.528612258207
-0.0573355820188, -0.309090310787, 0.25135103301
0.204684406961, 0.243604080289, -0.384436241363
0.292544958072, -0.105893792602, 0.158606847325
-0.469814614263, 0.749991750679, 0.325960116475
-0.243659306612, 0.644459449676, -0.271539703337
-0.118672598376, 0.213491962962, 0.00745687917074
-0.505046151391, 0.024621566312, -0.461335026723
-0.380797993611, -0.46396821417, 0.215216825267
-0.726571118339, -0.394630454141, -0.294219832196
0.310382346179, 0.214205070572, -0.234171415093
0.157564915391, 0.20922667333, 0.352191792721
-0.270031863478, -0.166082095396, 0.0367471189782
-0.134294293813, -0.217481282761, 0.183834163829
0.103825899113, -0.326071579752, 0.328878892024
-0.805081989968, -0.584468752986, -0.00924470552476
-0.171352997992, -0.27260183734, -0.137928570512
0.0385955421668, -0.506201975824, -0.513483361797
-0.533877017918, -0.0948641498477, 0.446288893558
-0.407163988452, -0.633534180744, -0.191887965637
0.0606387144199, 0.47291927511, -0.232473978845
-0.0925901030275, 0.220502449324, -0.462111264977
-0.204343921258, 0.510141872928, -0.33325943321
0.144685468906, 0.161561736707, -0.778116161438
-0.0806199084019, 0.03273125315, -0.11489655426
0.151580490176, -0.537119473725, 0.348087777946
-0.32919461188, 0.508334552422, -0.6489110199
-0.353548672839, 0.123613470283, 0.611165122851
0.297599608338, 0.0440558602341, 0.105048461657
-0.241402347418, 0.419057801435, 0.00523292302589
-0.0509994582049, 0.280543318901, -0.182800321829
-0.386979125456, -0.0162541450879, -0.42293054905
-0.453004483133, -0.374598989716, -0.110160738575
0.195493246156, -0.106349932743, -0.357436816133
-0.0950148761692, 0.23361315599, -0.537372299605
-0.0407218642845, -0.0389742534978, 0.697709630514
-0.514873759401, 0.232696819381, 0.106087079191
0.164343198776, 0.227651015718, -0.131055691083
-0.0747031457379, -0.108121252301, 0.0275276451293
0.82478493563, 0.487503904985, 0.190760847822
0.673924038875, 0.0339289586988, -0.175198160892
0.445153961248, -0.208714288149, 0.578048535893
0.315485848768, 0.231138814873, 0.0871808625643
-0.295611958938, 0.164420030934, -0.00356867786893
0.599584371308, -0.275033730579, 0.189785599402
0.0167504369941, -0.663927953836, -0.174347529151
0.540966172519, 0.336419619151, -0.0267291206693
0.239858856272, -0.31974891748, 0.233556222575
-0.0535344723054, 0.159696527682, -0.142821529624
-0.0684513936818, 0.204239202152, 0.14664300485
0.275234553559, -0.114540945255, -0.377820425833
-0.0882346015464, 0.454999088278, 0.869297249597
0.215098685259, 0.395682547741, -0.0110166746584
-0.214449511425, -0.0829405630778, -0.299174115577
0.406907731957, 0.501199817958, 0.0613818504056
-0.477741510751, -0.0651924553421, -0.273513591959
-0.0182134855789, -0.537310065566, 0.0705582047276
-0.0531910870017, 0.153193894491, -0.134086100585
0.415791814291, 0.539248539346, 0.229033895138
-0.269290874498, 0.224472235083, -0.427766319986
0.13223386971, -0.0389216409222, -0.0936887610284
-0.274516530543, -0.718498168919, 0.475528050959
0.275842633763, 0.165524277467, 0.230066621898
-0.025370598096, 0.424636695729, 0.126280905703
-0.200148004246, -0.14100102008, -0.177477954615
-0.143292330432, -0.235008628565, 0.260096773032
-0.0401451068729, -0.386997486274, 0.223893028105
-0.486447191634, -0.434931007208, 0.101632802885
0.161950816741, 0.193997580593, -0.107818757968
0.188714506724, 0.605605979378, 0.384690874035
0.277081708519, -0.162897251694, -0.344357380904
0.223444133876, 0.458791551075, -0.117054188924
0.489232094072, -1.29786777411, -0.326372150153
-0.684640837046, -0.336599218538, -0.249018637021
-0.53428405855, -0.0223298623182, 0.139919003716
-0.576602383501, -0.0712572280148, 0.0877892879907
0.201339789954, 0.0289809137691, -0.0972588336613
-0.400922207778, -0.0618874061233, 0.395939307562
0.32168637726, 0.00904320531715, 0.00969973180468
-0.230455387671, -0.043628888936, -0.0384833744609
0.115217620856, -0.252976290773, 0.0183704359066
-0.0432238202855, -0.302363429047, 0.0474218525935
0.230418513033, 0.100293174656, 0.104440420515
0.330146704614, -0.378024119176, -0.557640720441
-0.309047889287, 0.381573845478, -0.181522721085
0.203344599618, 0.402078269111, -0.0443563002085
0.0101989431067, 0.313564852216, 0.0276940525771
-0.134950115041, -0.220046234957, 0.39365560408
0.187663151501, 0.575938222908, 0.297612624399
-0.325636028943, 0.213978300061, 0.745217304177
0.228248645927, -0.341796461929, 0.209865423277
-0.201743195321, -0.416207188364, -0.105905213854
-0.0170052156356, 0.141025585019, 0.334933673305
0.370087555662, 0.192061847017, 0.194473951854
-0.146523720838, -0.141396161004, -0.288377403765
0.610025059119, -0.245760881288, 0.17077012234
-0.161973079262, -0.0109183727841, -0.120094077668
-0.129386382696, 0.112965275381, -0.535495008423
0.174330003445, 0.484914148502, -0.444498373619
0.338100706059, 0.468604502145, 0.0714802002934
0.133485893235, -0.0144451168568, -0.241440082429
0.318475637809, 0.364466096425, -0.1943811887
0.747762536264, -0.00662599878734, 0.0862278589447
-0.251731200442, 0.544561089806, 0.0796748604253
-0.244109415192, -0.246948217047, 1.06461006862
0.0166014800242, 0.203503443675, 0.894902929823
0.291968342565, -0.102203412068, -0.259402297611
0.281637644889, 0.177011311084, 0.614099183789
0.323628699576, 0.0791334449608, -0.633063963148
-0.00236482328236, -0.169187601735, -0.376596024261
-0.40499541138, 0.144650678054, 0.0774820623404
-0.674398894426, 0.22889040669, 0.311205770241
0.00815879977801, -0.0715592496297, -0.478848239955
0.0850413808445, -0.213043115403, 0.184564944929
-0.370232854052, 0.175785442568, 0.486239238357
-0.10051927913, 0.285703857237, 0.407459704248
0.217427454618, -0.831019301774, 0.0580284036868
0.356907923905, 0.0490621777795, 0.0233961297033
0.445554799251, 0.122425165917, -0.433931805147
-0.16089085361, 0.285924841723, -0.404224959875
0.430304721006, -0.212265666448, 0.427276193637
0.200998500438, -0.0204881224634, -0.255595421849
0.0798858629252, -0.192805807692, 0.404484071344
-0.184906611174, 0.559055796441, 0.277413680931
-0.0162719813768, 0.193988056326, 0.310755770815
-0.0444592878376, 0.0232620536132, -0.464511999635
-0.212362055229, -0.340309723919, 0.348765881362
0.111400894011, -0.399948874045, -0.159744161794
-0.205774668687, -0.115063466008, -0.351892255616
-0.00202923824317, 0.200758703183, 0.281996694623
-0.308885023201, 0.569100382781, 0.111131312789
-0.328070193531, -0.255922257588, 0.557632587512
-0.0220299808908, 0.348739449208, -0.350435385107
0.749529944085, 0.041129076515, -0.523226758696
-0.109165934815, 0.239391868683, -0.0393488318818
-0.170958696067, 0.673993726859, -0.846204210306
0.0833387555597, -0.32968025447, 0.212615820169
-0.0677330281723, -0.678065591719, 0.154942012337
-0.260151574424, -0.350166435361, 0.058466173649
-0.278558131269, 0.0601005194708, 0.437623699261
0.27785690311, 0.130601483204, -0.556397262997
0.282445445867, 0.055627242232, -0.698983843409
0.042821061114, -0.329519592923, -0.0675725083821
-0.108000286958, -0.251446277321, -0.108774925149
-0.53196113567, 0.257029988193, 0.0484898497103
-0.13801440659, -0.0318880126863, 0.712650703097
-0.0973353613228, -0.0331989290622, -0.244354422674
0.328033521367, 0.0223312493397, -0.344920012141
0.190173455632, -0.587052288424, 0.726723147988
0.762919774558, 0.214660895765, -0.118588712956
0.319372163405, 0.364280737433, -0.811339529437
0.382724319493, 0.162472382645, 0.368458636613
-0.14969235494, -0.143547538387, -0.224191586057
0.0214300338599, 0.435830473417, 0.143738101054
0.15458518009, 0.208884613394, 0.113745526391
0.65498210436, -0.463185775636, -0.161506030949
0.048340271312, -0.0476697248266, 0.122041559455
-0.149872087024, -0.457981766483, -0.150080218078
-0.455643617619, -0.219907130748, -0.8506063681
-0.462517425929, -0.161804520227, 0.045365916806
-0.181452712809, -0.19004516193, -0.196993914968
-0.579304755755, -0.222642137189, 0.0956953114101
